0,0,0,1,8250,0.20000000000000001,1,12805.799999999999
0,0,0,1,20370,0.20000000000000001,1,10407.1
0,0,0,1,33030,0.20000000000000001,1,9753.5900000000001
0,0,0,1,47970,0.20000000000000001,1,12400.4
0,0,0,1,63090,0.20000000000000001,1,9110.4699999999993
0,0,0,1,93090,0.20000000000000001,1,10144.700000000001
0.23999999999999999,0,0,2,8250,0.20000000000000001,1,13193.700000000001
0.23999999999999999,0,0,2,20370,0.20000000000000001,1,10690.200000000001
0.23999999999999999,0,0,2,33030,0.20000000000000001,1,9911.1800000000003
0.23999999999999999,0,0,2,47970,0.20000000000000001,1,12539.700000000001
0.23999999999999999,0,0,2,63090,0.20000000000000001,1,9044.6700000000001
0.23999999999999999,0,0,2,93090,0.20000000000000001,1,10185.9
0.48999999999999999,0,0,3,8250,0.20000000000000001,1,13444.200000000001
0.48999999999999999,0,0,3,20370,0.20000000000000001,1,10815.4
0.48999999999999999,0,0,3,33030,0.20000000000000001,1,9964.2299999999996
0.48999999999999999,0,0,3,47970,0.20000000000000001,1,12518.9
0.48999999999999999,0,0,3,63090,0.20000000000000001,1,9100.6599999999999
0.48999999999999999,0,0,3,93090,0.20000000000000001,1,10197.299999999999
0.72999999999999998,0,0,4,8250,0.20000000000000001,1,13576.9
0.72999999999999998,0,0,4,20370,0.20000000000000001,1,10845.9
0.72999999999999998,0,0,4,33030,0.20000000000000001,1,9956.8700000000008
0.72999999999999998,0,0,4,47970,0.20000000000000001,1,12453.6
0.72999999999999998,0,0,4,63090,0.20000000000000001,1,9139.1200000000008
0.72999999999999998,0,0,4,93090,0.20000000000000001,1,10222.5
0.96999999999999997,0,0,5,8250,0.20000000000000001,1,13642.299999999999
0.96999999999999997,0,0,5,20370,0.20000000000000001,1,10825.700000000001
0.96999999999999997,0,0,5,33030,0.20000000000000001,1,9900.7199999999993
0.96999999999999997,0,0,5,47970,0.20000000000000001,1,12331.1
0.96999999999999997,0,0,5,63090,0.20000000000000001,1,8857.2800000000007
0.96999999999999997,0,0,5,93090,0.20000000000000001,1,10137.200000000001
1.22,0,0,6,8250,0.20000000000000001,1,13598.1
1.22,0,0,6,20370,0.20000000000000001,1,10738.6
1.22,0,0,6,33030,0.20000000000000001,1,9774.4400000000005
1.22,0,0,6,47970,0.20000000000000001,1,12161.4
1.22,0,0,6,63090,0.20000000000000001,1,8486.4200000000001
1.22,0,0,6,93090,0.20000000000000001,1,9945.2900000000009
1.46,0,0,7,8250,0.20000000000000001,1,13524.799999999999
1.46,0,0,7,20370,0.20000000000000001,1,10631.1
1.46,0,0,7,33030,0.20000000000000001,1,9635.1200000000008
1.46,0,0,7,47970,0.20000000000000001,1,11973.5
1.46,0,0,7,63090,0.20000000000000001,1,8089.6300000000001
1.46,0,0,7,93090,0.20000000000000001,1,9746.0599999999995
1.7,0,0,8,8250,0.20000000000000001,1,13451.799999999999
1.7,0,0,8,20370,0.20000000000000001,1,10529.6
1.7,0,0,8,33030,0.20000000000000001,1,9512.6299999999992
1.7,0,0,8,47970,0.20000000000000001,1,11822.299999999999
1.7,0,0,8,63090,0.20000000000000001,1,7854.3599999999997
1.7,0,0,8,93090,0.20000000000000001,1,9579.4099999999999
1.95,0,0,9,8250,0.20000000000000001,1,13430.200000000001
1.95,0,0,9,20370,0.20000000000000001,1,10498.1
1.95,0,0,9,33030,0.20000000000000001,1,9482.9899999999998
1.95,0,0,9,47970,0.20000000000000001,1,11803.1
1.95,0,0,9,63090,0.20000000000000001,1,7869.1300000000001
1.95,0,0,9,93090,0.20000000000000001,1,9526.9899999999998
2.1899999999999999,0,0,10,8250,0.20000000000000001,1,13719.6
2.1899999999999999,0,0,10,20370,0.20000000000000001,1,10653.5
2.1899999999999999,0,0,10,33030,0.20000000000000001,1,9679.6599999999999
2.1899999999999999,0,0,10,47970,0.20000000000000001,1,12033.799999999999
2.1899999999999999,0,0,10,63090,0.20000000000000001,1,8032.5600000000004
2.1899999999999999,0,0,10,93090,0.20000000000000001,1,9631.4500000000007
2.4300000000000002,0,0,11,8250,0.20000000000000001,1,14220
2.4300000000000002,0,0,11,20370,0.20000000000000001,1,11020.4
2.4300000000000002,0,0,11,33030,0.20000000000000001,1,10061.9
2.4300000000000002,0,0,11,47970,0.20000000000000001,1,12396.1
2.4300000000000002,0,0,11,63090,0.20000000000000001,1,8648.7700000000004
2.4300000000000002,0,0,11,93090,0.20000000000000001,1,9846.3999999999996
2.6800000000000002,0,0,12,8250,0.20000000000000001,1,15016.9
2.6800000000000002,0,0,12,20370,0.20000000000000001,1,11664.1
2.6800000000000002,0,0,12,33030,0.20000000000000001,1,10676.299999999999
2.6800000000000002,0,0,12,47970,0.20000000000000001,1,12963.4
2.6800000000000002,0,0,12,63090,0.20000000000000001,1,9410.9799999999996
2.6800000000000002,0,0,12,93090,0.20000000000000001,1,10257.700000000001
2.9199999999999999,0,0,13,8250,0.20000000000000001,1,15984.4
2.9199999999999999,0,0,13,20370,0.20000000000000001,1,12483.799999999999
2.9199999999999999,0,0,13,33030,0.20000000000000001,1,11410.799999999999
2.9199999999999999,0,0,13,47970,0.20000000000000001,1,13663.799999999999
2.9199999999999999,0,0,13,63090,0.20000000000000001,1,10226.4
2.9199999999999999,0,0,13,93090,0.20000000000000001,1,10783.6
3.1699999999999999,0,0,14,8250,0.20000000000000001,1,16813.400000000001
3.1699999999999999,0,0,14,20370,0.20000000000000001,1,13214.799999999999
3.1699999999999999,0,0,14,33030,0.20000000000000001,1,12098.799999999999
3.1699999999999999,0,0,14,47970,0.20000000000000001,1,14347.200000000001
3.1699999999999999,0,0,14,63090,0.20000000000000001,1,10897.1
3.1699999999999999,0,0,14,93090,0.20000000000000001,1,11333
3.4100000000000001,0,0,15,8250,0.20000000000000001,1,17450
3.4100000000000001,0,0,15,20370,0.20000000000000001,1,13749.1
3.4100000000000001,0,0,15,33030,0.20000000000000001,1,12613.4
3.4100000000000001,0,0,15,47970,0.20000000000000001,1,14901.9
3.4100000000000001,0,0,15,63090,0.20000000000000001,1,11250.9
3.4100000000000001,0,0,15,93090,0.20000000000000001,1,11764.9
3.6499999999999999,0,0,16,8250,0.20000000000000001,1,17773.400000000001
3.6499999999999999,0,0,16,20370,0.20000000000000001,1,14033.4
3.6499999999999999,0,0,16,33030,0.20000000000000001,1,12914.9
3.6499999999999999,0,0,16,47970,0.20000000000000001,1,15235.700000000001
3.6499999999999999,0,0,16,63090,0.20000000000000001,1,11508.5
3.6499999999999999,0,0,16,93090,0.20000000000000001,1,12024.799999999999
3.8999999999999999,0,0,17,8250,0.20000000000000001,1,17865.599999999999
3.8999999999999999,0,0,17,20370,0.20000000000000001,1,14155.5
3.8999999999999999,0,0,17,33030,0.20000000000000001,1,13030.9
3.8999999999999999,0,0,17,47970,0.20000000000000001,1,15352.5
3.8999999999999999,0,0,17,63090,0.20000000000000001,1,11561.4
3.8999999999999999,0,0,17,93090,0.20000000000000001,1,12147.4
4.1399999999999997,0,0,18,8250,0.20000000000000001,1,17861
4.1399999999999997,0,0,18,20370,0.20000000000000001,1,14230
4.1399999999999997,0,0,18,33030,0.20000000000000001,1,13064.9
4.1399999999999997,0,0,18,47970,0.20000000000000001,1,15358.200000000001
4.1399999999999997,0,0,18,63090,0.20000000000000001,1,11579.200000000001
4.1399999999999997,0,0,18,93090,0.20000000000000001,1,12196.6
4.3799999999999999,0,0,19,8250,0.20000000000000001,1,17836.400000000001
4.3799999999999999,0,0,19,20370,0.20000000000000001,1,14269.1
4.3799999999999999,0,0,19,33030,0.20000000000000001,1,13075.200000000001
4.3799999999999999,0,0,19,47970,0.20000000000000001,1,15349.1
4.3799999999999999,0,0,19,63090,0.20000000000000001,1,11638.799999999999
4.3799999999999999,0,0,19,93090,0.20000000000000001,1,12236.4
4.6299999999999999,0,0,20,8250,0.20000000000000001,1,17792.200000000001
4.6299999999999999,0,0,20,20370,0.20000000000000001,1,14276.6
4.6299999999999999,0,0,20,33030,0.20000000000000001,1,13072.1
4.6299999999999999,0,0,20,47970,0.20000000000000001,1,15331.799999999999
4.6299999999999999,0,0,20,63090,0.20000000000000001,1,11583.6
4.6299999999999999,0,0,20,93090,0.20000000000000001,1,12272.299999999999
4.8700000000000001,0,0,21,8250,0.20000000000000001,1,17750.5
4.8700000000000001,0,0,21,20370,0.20000000000000001,1,14264.1
4.8700000000000001,0,0,21,33030,0.20000000000000001,1,13061.799999999999
4.8700000000000001,0,0,21,47970,0.20000000000000001,1,15345.9
4.8700000000000001,0,0,21,63090,0.20000000000000001,1,11474.6
4.8700000000000001,0,0,21,93090,0.20000000000000001,1,12270.4
5.1100000000000003,0,0,22,8250,0.20000000000000001,1,17719.200000000001
5.1100000000000003,0,0,22,20370,0.20000000000000001,1,14244.700000000001
5.1100000000000003,0,0,22,33030,0.20000000000000001,1,13054.5
5.1100000000000003,0,0,22,47970,0.20000000000000001,1,15295.5
5.1100000000000003,0,0,22,63090,0.20000000000000001,1,11329.1
5.1100000000000003,0,0,22,93090,0.20000000000000001,1,12232.200000000001
5.3600000000000003,0,0,23,8250,0.20000000000000001,1,17704.700000000001
5.3600000000000003,0,0,23,20370,0.20000000000000001,1,14216.700000000001
5.3600000000000003,0,0,23,33030,0.20000000000000001,1,13070.700000000001
5.3600000000000003,0,0,23,47970,0.20000000000000001,1,15323.799999999999
5.3600000000000003,0,0,23,63090,0.20000000000000001,1,11256.1
5.3600000000000003,0,0,23,93090,0.20000000000000001,1,12244.200000000001
5.5999999999999996,0,0,24,8250,0.20000000000000001,1,17706.799999999999
5.5999999999999996,0,0,24,20370,0.20000000000000001,1,14195.9
5.5999999999999996,0,0,24,33030,0.20000000000000001,1,13113.4
5.5999999999999996,0,0,24,47970,0.20000000000000001,1,15399.4
5.5999999999999996,0,0,24,63090,0.20000000000000001,1,11350
5.5999999999999996,0,0,24,93090,0.20000000000000001,1,12329.299999999999
5.8399999999999999,0,0,25,8250,0.20000000000000001,1,17713.099999999999
5.8399999999999999,0,0,25,20370,0.20000000000000001,1,14214.5
5.8399999999999999,0,0,25,33030,0.20000000000000001,1,13165
5.8399999999999999,0,0,25,47970,0.20000000000000001,1,15542.4
5.8399999999999999,0,0,25,63090,0.20000000000000001,1,11531.799999999999
5.8399999999999999,0,0,25,93090,0.20000000000000001,1,12391.5
6.0899999999999999,0,0,26,8250,0.20000000000000001,1,17734.200000000001
6.0899999999999999,0,0,26,20370,0.20000000000000001,1,14273.4
6.0899999999999999,0,0,26,33030,0.20000000000000001,1,13202.9
6.0899999999999999,0,0,26,47970,0.20000000000000001,1,15716
6.0899999999999999,0,0,26,63090,0.20000000000000001,1,11697.700000000001
6.0899999999999999,0,0,26,93090,0.20000000000000001,1,12454.700000000001
6.3300000000000001,0,0,27,8250,0.20000000000000001,1,17775.200000000001
6.3300000000000001,0,0,27,20370,0.20000000000000001,1,14353
6.3300000000000001,0,0,27,33030,0.20000000000000001,1,13219.799999999999
6.3300000000000001,0,0,27,47970,0.20000000000000001,1,15755.6
6.3300000000000001,0,0,27,63090,0.20000000000000001,1,11919.799999999999
6.3300000000000001,0,0,27,93090,0.20000000000000001,1,12437.299999999999
6.5700000000000003,0,0,28,8250,0.20000000000000001,1,17817
6.5700000000000003,0,0,28,20370,0.20000000000000001,1,14431.200000000001
6.5700000000000003,0,0,28,33030,0.20000000000000001,1,13229
6.5700000000000003,0,0,28,47970,0.20000000000000001,1,15759.5
6.5700000000000003,0,0,28,63090,0.20000000000000001,1,12117.299999999999
6.5700000000000003,0,0,28,93090,0.20000000000000001,1,12432.4
6.8200000000000003,0,0,29,8250,0.20000000000000001,1,17851.599999999999
6.8200000000000003,0,0,29,20370,0.20000000000000001,1,14471.9
6.8200000000000003,0,0,29,33030,0.20000000000000001,1,13241.799999999999
6.8200000000000003,0,0,29,47970,0.20000000000000001,1,15701.9
6.8200000000000003,0,0,29,63090,0.20000000000000001,1,12318.799999999999
6.8200000000000003,0,0,29,93090,0.20000000000000001,1,12442.9
7.0599999999999996,0,0,30,8250,0.20000000000000001,1,17850.099999999999
7.0599999999999996,0,0,30,20370,0.20000000000000001,1,14471.700000000001
7.0599999999999996,0,0,30,33030,0.20000000000000001,1,13233.1
7.0599999999999996,0,0,30,47970,0.20000000000000001,1,15576.6
7.0599999999999996,0,0,30,63090,0.20000000000000001,1,12511.299999999999
7.0599999999999996,0,0,30,93090,0.20000000000000001,1,12408.700000000001
7.2999999999999998,0,0,31,8250,0.20000000000000001,1,17804.299999999999
7.2999999999999998,0,0,31,20370,0.20000000000000001,1,14394.299999999999
7.2999999999999998,0,0,31,33030,0.20000000000000001,1,13168.1
7.2999999999999998,0,0,31,47970,0.20000000000000001,1,15419.5
7.2999999999999998,0,0,31,63090,0.20000000000000001,1,12552.9
7.2999999999999998,0,0,31,93090,0.20000000000000001,1,12337.1
7.5499999999999998,0,0,32,8250,0.20000000000000001,1,17759.599999999999
7.5499999999999998,0,0,32,20370,0.20000000000000001,1,14310.1
7.5499999999999998,0,0,32,33030,0.20000000000000001,1,13096.200000000001
7.5499999999999998,0,0,32,47970,0.20000000000000001,1,15239.6
7.5499999999999998,0,0,32,63090,0.20000000000000001,1,12496.6
7.5499999999999998,0,0,32,93090,0.20000000000000001,1,12263.299999999999
7.79,0,0,33,8250,0.20000000000000001,1,17729.299999999999
7.79,0,0,33,20370,0.20000000000000001,1,14233.700000000001
7.79,0,0,33,33030,0.20000000000000001,1,13055
7.79,0,0,33,47970,0.20000000000000001,1,15091
7.79,0,0,33,63090,0.20000000000000001,1,12250.1
7.79,0,0,33,93090,0.20000000000000001,1,12212.6
8.0299999999999994,0,0,34,8250,0.20000000000000001,1,17906.5
8.0299999999999994,0,0,34,20370,0.20000000000000001,1,14318.6
8.0299999999999994,0,0,34,33030,0.20000000000000001,1,13166.200000000001
8.0299999999999994,0,0,34,47970,0.20000000000000001,1,15171.5
8.0299999999999994,0,0,34,63090,0.20000000000000001,1,12091.9
8.0299999999999994,0,0,34,93090,0.20000000000000001,1,12328.5
8.2799999999999994,0,0,35,8250,0.20000000000000001,1,18224
8.2799999999999994,0,0,35,20370,0.20000000000000001,1,14620.200000000001
8.2799999999999994,0,0,35,33030,0.20000000000000001,1,13422.4
8.2799999999999994,0,0,35,47970,0.20000000000000001,1,15556.4
8.2799999999999994,0,0,35,63090,0.20000000000000001,1,12035.200000000001
8.2799999999999994,0,0,35,93090,0.20000000000000001,1,12603.799999999999
8.5199999999999996,0,0,36,8250,0.20000000000000001,1,18535.5
8.5199999999999996,0,0,36,20370,0.20000000000000001,1,14914.700000000001
8.5199999999999996,0,0,36,33030,0.20000000000000001,1,13695.5
8.5199999999999996,0,0,36,47970,0.20000000000000001,1,15966.299999999999
8.5199999999999996,0,0,36,63090,0.20000000000000001,1,12017.1
8.5199999999999996,0,0,36,93090,0.20000000000000001,1,12875.799999999999
8.7699999999999996,0,0,37,8250,0.20000000000000001,1,18758.299999999999
8.7699999999999996,0,0,37,20370,0.20000000000000001,1,15188.299999999999
8.7699999999999996,0,0,37,33030,0.20000000000000001,1,13939.6
8.7699999999999996,0,0,37,47970,0.20000000000000001,1,16284.5
8.7699999999999996,0,0,37,63090,0.20000000000000001,1,12048.299999999999
8.7699999999999996,0,0,37,93090,0.20000000000000001,1,13144.299999999999
9.0099999999999998,0,0,38,8250,0.20000000000000001,1,18639.099999999999
9.0099999999999998,0,0,38,20370,0.20000000000000001,1,15204.1
9.0099999999999998,0,0,38,33030,0.20000000000000001,1,14034.1
9.0099999999999998,0,0,38,47970,0.20000000000000001,1,16329.4
9.0099999999999998,0,0,38,63090,0.20000000000000001,1,12019.700000000001
9.0099999999999998,0,0,38,93090,0.20000000000000001,1,13282.5
9.25,0,0,39,8250,0.20000000000000001,1,18472.799999999999
9.25,0,0,39,20370,0.20000000000000001,1,15095.700000000001
9.25,0,0,39,33030,0.20000000000000001,1,14023.799999999999
9.25,0,0,39,47970,0.20000000000000001,1,16206.1
9.25,0,0,39,63090,0.20000000000000001,1,11879.1
9.25,0,0,39,93090,0.20000000000000001,1,13365.4
9.5,0,0,40,8250,0.20000000000000001,1,18337.200000000001
9.5,0,0,40,20370,0.20000000000000001,1,15029.5
9.5,0,0,40,33030,0.20000000000000001,1,14005.200000000001
9.5,0,0,40,47970,0.20000000000000001,1,16172.4
9.5,0,0,40,63090,0.20000000000000001,1,11700.4
9.5,0,0,40,93090,0.20000000000000001,1,13413.5
9.7400000000000002,0,0,41,8250,0.20000000000000001,1,18646.700000000001
9.7400000000000002,0,0,41,20370,0.20000000000000001,1,15281.5
9.7400000000000002,0,0,41,33030,0.20000000000000001,1,14286.299999999999
9.7400000000000002,0,0,41,47970,0.20000000000000001,1,16454.799999999999
9.7400000000000002,0,0,41,63090,0.20000000000000001,1,11741.799999999999
9.7400000000000002,0,0,41,93090,0.20000000000000001,1,13428.700000000001
9.9800000000000004,0,0,42,8250,0.20000000000000001,1,19786.599999999999
9.9800000000000004,0,0,42,20370,0.20000000000000001,1,16274.9
9.9800000000000004,0,0,42,33030,0.20000000000000001,1,15142.1
9.9800000000000004,0,0,42,47970,0.20000000000000001,1,17320
9.9800000000000004,0,0,42,63090,0.20000000000000001,1,12908.5
9.9800000000000004,0,0,42,93090,0.20000000000000001,1,13608.6
10.23,0,0,43,8250,0.20000000000000001,1,21275.299999999999
10.23,0,0,43,20370,0.20000000000000001,1,17543
10.23,0,0,43,33030,0.20000000000000001,1,16297
10.23,0,0,43,47970,0.20000000000000001,1,18352.900000000001
10.23,0,0,43,63090,0.20000000000000001,1,14303.4
10.23,0,0,43,93090,0.20000000000000001,1,13938.799999999999
10.470000000000001,0,0,44,8250,0.20000000000000001,1,22666.900000000001
10.470000000000001,0,0,44,20370,0.20000000000000001,1,18706.700000000001
10.470000000000001,0,0,44,33030,0.20000000000000001,1,17325.5
10.470000000000001,0,0,44,47970,0.20000000000000001,1,19253.700000000001
10.470000000000001,0,0,44,63090,0.20000000000000001,1,15517
10.470000000000001,0,0,44,93090,0.20000000000000001,1,14329.4
10.710000000000001,0,0,45,8250,0.20000000000000001,1,23456.400000000001
10.710000000000001,0,0,45,20370,0.20000000000000001,1,19303.700000000001
10.710000000000001,0,0,45,33030,0.20000000000000001,1,17869.200000000001
10.710000000000001,0,0,45,47970,0.20000000000000001,1,19872.599999999999
10.710000000000001,0,0,45,63090,0.20000000000000001,1,15989.1
10.710000000000001,0,0,45,93090,0.20000000000000001,1,14599.4
10.960000000000001,0,0,46,8250,0.20000000000000001,1,23072.099999999999
10.960000000000001,0,0,46,20370,0.20000000000000001,1,18862.099999999999
10.960000000000001,0,0,46,33030,0.20000000000000001,1,17544.299999999999
10.960000000000001,0,0,46,47970,0.20000000000000001,1,19507.299999999999
10.960000000000001,0,0,46,63090,0.20000000000000001,1,15324.4
10.960000000000001,0,0,46,93090,0.20000000000000001,1,14528.5
11.199999999999999,0,0,47,8250,0.20000000000000001,1,21622
11.199999999999999,0,0,47,20370,0.20000000000000001,1,17768.599999999999
11.199999999999999,0,0,47,33030,0.20000000000000001,1,16532.599999999999
11.199999999999999,0,0,47,47970,0.20000000000000001,1,18401.200000000001
11.199999999999999,0,0,47,63090,0.20000000000000001,1,14121.700000000001
11.199999999999999,0,0,47,93090,0.20000000000000001,1,14082.700000000001
11.44,0,0,48,8250,0.20000000000000001,1,18993
11.44,0,0,48,20370,0.20000000000000001,1,15942.9
11.44,0,0,48,33030,0.20000000000000001,1,14752.700000000001
11.44,0,0,48,47970,0.20000000000000001,1,16349
11.44,0,0,48,63090,0.20000000000000001,1,11810.799999999999
11.44,0,0,48,93090,0.20000000000000001,1,12901.799999999999
11.69,0,0,49,8250,0.20000000000000001,1,15252.5
11.69,0,0,49,20370,0.20000000000000001,1,13273.200000000001
11.69,0,0,49,33030,0.20000000000000001,1,12170.9
11.69,0,0,49,47970,0.20000000000000001,1,13822.200000000001
11.69,0,0,49,63090,0.20000000000000001,1,9031.9400000000005
11.69,0,0,49,93090,0.20000000000000001,1,10644.4
11.93,0,0,50,8250,0.20000000000000001,1,11690.299999999999
11.93,0,0,50,20370,0.20000000000000001,1,10345.4
11.93,0,0,50,33030,0.20000000000000001,1,9544.3899999999994
11.93,0,0,50,47970,0.20000000000000001,1,11613.799999999999
11.93,0,0,50,63090,0.20000000000000001,1,6617.8199999999997
11.93,0,0,50,93090,0.20000000000000001,1,8385.2299999999996
12.17,0,0,51,8250,0.20000000000000001,1,9128.8500000000004
12.17,0,0,51,20370,0.20000000000000001,1,7974.4200000000001
12.17,0,0,51,33030,0.20000000000000001,1,7453.3100000000004
12.17,0,0,51,47970,0.20000000000000001,1,10038.5
12.17,0,0,51,63090,0.20000000000000001,1,5117.8199999999997
12.17,0,0,51,93090,0.20000000000000001,1,6606.2799999999997
12.42,0,0,52,8250,0.20000000000000001,1,7744.8599999999997
12.42,0,0,52,20370,0.20000000000000001,1,6467.7600000000002
12.42,0,0,52,33030,0.20000000000000001,1,6192.79
12.42,0,0,52,47970,0.20000000000000001,1,9121.1299999999992
12.42,0,0,52,63090,0.20000000000000001,1,4676.0699999999997
12.42,0,0,52,93090,0.20000000000000001,1,5779.2799999999997
12.66,0,0,53,8250,0.20000000000000001,1,7371.1000000000004
12.66,0,0,53,20370,0.20000000000000001,1,6089.0900000000001
12.66,0,0,53,33030,0.20000000000000001,1,5816.7700000000004
12.66,0,0,53,47970,0.20000000000000001,1,8597.3799999999992
12.66,0,0,53,63090,0.20000000000000001,1,4452.9700000000003
12.66,0,0,53,93090,0.20000000000000001,1,5715.3999999999996
12.9,0,0,54,8250,0.20000000000000001,1,7162.7600000000002
12.9,0,0,54,20370,0.20000000000000001,1,6151.2600000000002
12.9,0,0,54,33030,0.20000000000000001,1,5797.0299999999997
12.9,0,0,54,47970,0.20000000000000001,1,8421.0799999999999
12.9,0,0,54,63090,0.20000000000000001,1,4357.6999999999998
12.9,0,0,54,93090,0.20000000000000001,1,5664.5100000000002
13.15,0,0,55,8250,0.20000000000000001,1,6974.8199999999997
13.15,0,0,55,20370,0.20000000000000001,1,6212.4799999999996
13.15,0,0,55,33030,0.20000000000000001,1,5917.8400000000001
13.15,0,0,55,47970,0.20000000000000001,1,8517.5100000000002
13.15,0,0,55,63090,0.20000000000000001,1,4409.25
13.15,0,0,55,93090,0.20000000000000001,1,5665.3599999999997
13.390000000000001,0,0,56,8250,0.20000000000000001,1,6832.1800000000003
13.390000000000001,0,0,56,20370,0.20000000000000001,1,6236.3500000000004
13.390000000000001,0,0,56,33030,0.20000000000000001,1,6045.8400000000001
13.390000000000001,0,0,56,47970,0.20000000000000001,1,8677.6900000000005
13.390000000000001,0,0,56,63090,0.20000000000000001,1,4567.7200000000003
13.390000000000001,0,0,56,93090,0.20000000000000001,1,5783.5
13.630000000000001,0,0,57,8250,0.20000000000000001,1,6726.3299999999999
13.630000000000001,0,0,57,20370,0.20000000000000001,1,6192.1800000000003
13.630000000000001,0,0,57,33030,0.20000000000000001,1,6128.1499999999996
13.630000000000001,0,0,57,47970,0.20000000000000001,1,8806.7299999999996
13.630000000000001,0,0,57,63090,0.20000000000000001,1,4722.04
13.630000000000001,0,0,57,93090,0.20000000000000001,1,5892.9099999999999
13.880000000000001,0,0,58,8250,0.20000000000000001,1,6614.3000000000002
13.880000000000001,0,0,58,20370,0.20000000000000001,1,6134.6599999999999
13.880000000000001,0,0,58,33030,0.20000000000000001,1,6148.6300000000001
13.880000000000001,0,0,58,47970,0.20000000000000001,1,8887.1700000000001
13.880000000000001,0,0,58,63090,0.20000000000000001,1,4894.4200000000001
13.880000000000001,0,0,58,93090,0.20000000000000001,1,5998.8000000000002
14.119999999999999,0,0,59,8250,0.20000000000000001,1,6510.21
14.119999999999999,0,0,59,20370,0.20000000000000001,1,6068.2200000000003
14.119999999999999,0,0,59,33030,0.20000000000000001,1,6126.1999999999998
14.119999999999999,0,0,59,47970,0.20000000000000001,1,8911.3700000000008
14.119999999999999,0,0,59,63090,0.20000000000000001,1,5000.5900000000001
14.119999999999999,0,0,59,93090,0.20000000000000001,1,6035.9099999999999
14.369999999999999,0,0,60,8250,0.20000000000000001,1,6431.79
14.369999999999999,0,0,60,20370,0.20000000000000001,1,6030
14.369999999999999,0,0,60,33030,0.20000000000000001,1,6100.5299999999997
14.369999999999999,0,0,60,47970,0.20000000000000001,1,8875.3999999999996
14.369999999999999,0,0,60,63090,0.20000000000000001,1,5103.8299999999999
14.369999999999999,0,0,60,93090,0.20000000000000001,1,6001.6099999999997
14.609999999999999,0,0,61,8250,0.20000000000000001,1,6389.0699999999997
14.609999999999999,0,0,61,20370,0.20000000000000001,1,6024.1499999999996
14.609999999999999,0,0,61,33030,0.20000000000000001,1,6087.79
14.609999999999999,0,0,61,47970,0.20000000000000001,1,8848.9699999999993
14.609999999999999,0,0,61,63090,0.20000000000000001,1,5157.75
14.609999999999999,0,0,61,93090,0.20000000000000001,1,5970.3400000000001
14.85,0,0,62,8250,0.20000000000000001,1,6388.6300000000001
14.85,0,0,62,20370,0.20000000000000001,1,6026.5100000000002
14.85,0,0,62,33030,0.20000000000000001,1,6070.8299999999999
14.85,0,0,62,47970,0.20000000000000001,1,8791.7999999999993
14.85,0,0,62,63090,0.20000000000000001,1,5237.54
14.85,0,0,62,93090,0.20000000000000001,1,5926.9700000000003
15.1,0,0,63,8250,0.20000000000000001,1,6422.6599999999999
15.1,0,0,63,20370,0.20000000000000001,1,6052.4399999999996
15.1,0,0,63,33030,0.20000000000000001,1,6084.8199999999997
15.1,0,0,63,47970,0.20000000000000001,1,8759.5799999999999
15.1,0,0,63,63090,0.20000000000000001,1,5322.1999999999998
15.1,0,0,63,93090,0.20000000000000001,1,5886.79
15.34,0,0,64,8250,0.20000000000000001,1,6487.6099999999997
15.34,0,0,64,20370,0.20000000000000001,1,6078.8400000000001
15.34,0,0,64,33030,0.20000000000000001,1,6133.3299999999999
15.34,0,0,64,47970,0.20000000000000001,1,8777.8099999999995
15.34,0,0,64,63090,0.20000000000000001,1,5470.4200000000001
15.34,0,0,64,93090,0.20000000000000001,1,5844.8900000000003
15.58,0,0,65,8250,0.20000000000000001,1,6736.25
15.58,0,0,65,20370,0.20000000000000001,1,6260.9099999999999
15.58,0,0,65,33030,0.20000000000000001,1,6308.0699999999997
15.58,0,0,65,47970,0.20000000000000001,1,8959.7000000000007
15.58,0,0,65,63090,0.20000000000000001,1,5733.5299999999997
15.58,0,0,65,93090,0.20000000000000001,1,5936.0200000000004
15.83,0,0,66,8250,0.20000000000000001,1,8268.4699999999993
15.83,0,0,66,20370,0.20000000000000001,1,7595.7600000000002
15.83,0,0,66,33030,0.20000000000000001,1,7372.7799999999997
15.83,0,0,66,47970,0.20000000000000001,1,10008.200000000001
15.83,0,0,66,63090,0.20000000000000001,1,6316.5500000000002
15.83,0,0,66,93090,0.20000000000000001,1,6932.8000000000002
16.07,0,0,67,8250,0.20000000000000001,1,11147.9
16.07,0,0,67,20370,0.20000000000000001,1,9827.1800000000003
16.07,0,0,67,33030,0.20000000000000001,1,9250.2399999999998
16.07,0,0,67,47970,0.20000000000000001,1,11719
16.07,0,0,67,63090,0.20000000000000001,1,7709.8000000000002
16.07,0,0,67,93090,0.20000000000000001,1,8776.25
16.309999999999999,0,0,68,8250,0.20000000000000001,1,14405
16.309999999999999,0,0,68,20370,0.20000000000000001,1,12254.9
16.309999999999999,0,0,68,33030,0.20000000000000001,1,11390.4
16.309999999999999,0,0,68,47970,0.20000000000000001,1,13692.700000000001
16.309999999999999,0,0,68,63090,0.20000000000000001,1,9447.2900000000009
16.309999999999999,0,0,68,93090,0.20000000000000001,1,10873.1
16.559999999999999,0,0,69,8250,0.20000000000000001,1,17306.099999999999
16.559999999999999,0,0,69,20370,0.20000000000000001,1,14403.1
16.559999999999999,0,0,69,33030,0.20000000000000001,1,13359.799999999999
16.559999999999999,0,0,69,47970,0.20000000000000001,1,15494.299999999999
16.559999999999999,0,0,69,63090,0.20000000000000001,1,11088
16.559999999999999,0,0,69,93090,0.20000000000000001,1,12562
16.800000000000001,0,0,70,8250,0.20000000000000001,1,18598.400000000001
16.800000000000001,0,0,70,20370,0.20000000000000001,1,15272.700000000001
16.800000000000001,0,0,70,33030,0.20000000000000001,1,14258.799999999999
16.800000000000001,0,0,70,47970,0.20000000000000001,1,16368.4
16.800000000000001,0,0,70,63090,0.20000000000000001,1,12179.9
16.800000000000001,0,0,70,93090,0.20000000000000001,1,13181.299999999999
17.039999999999999,0,0,71,8250,0.20000000000000001,1,18978.400000000001
17.039999999999999,0,0,71,20370,0.20000000000000001,1,15613.4
17.039999999999999,0,0,71,33030,0.20000000000000001,1,14620.700000000001
17.039999999999999,0,0,71,47970,0.20000000000000001,1,16763.099999999999
17.039999999999999,0,0,71,63090,0.20000000000000001,1,12503.200000000001
17.039999999999999,0,0,71,93090,0.20000000000000001,1,13238.799999999999
17.289999999999999,0,0,72,8250,0.20000000000000001,1,19067.5
17.289999999999999,0,0,72,20370,0.20000000000000001,1,15694
17.289999999999999,0,0,72,33030,0.20000000000000001,1,14700.9
17.289999999999999,0,0,72,47970,0.20000000000000001,1,16770.400000000001
17.289999999999999,0,0,72,63090,0.20000000000000001,1,12745.5
17.289999999999999,0,0,72,93090,0.20000000000000001,1,13193.200000000001
17.530000000000001,0,0,73,8250,0.20000000000000001,1,19006.200000000001
17.530000000000001,0,0,73,20370,0.20000000000000001,1,15607.5
17.530000000000001,0,0,73,33030,0.20000000000000001,1,14678.799999999999
17.530000000000001,0,0,73,47970,0.20000000000000001,1,16617.299999999999
17.530000000000001,0,0,73,63090,0.20000000000000001,1,12909.5
17.530000000000001,0,0,73,93090,0.20000000000000001,1,13181.5
17.77,0,0,74,8250,0.20000000000000001,1,18907.200000000001
17.77,0,0,74,20370,0.20000000000000001,1,15469.6
17.77,0,0,74,33030,0.20000000000000001,1,14607.9
17.77,0,0,74,47970,0.20000000000000001,1,16452.099999999999
17.77,0,0,74,63090,0.20000000000000001,1,13012.5
17.77,0,0,74,93090,0.20000000000000001,1,13135.799999999999
18.02,0,0,75,8250,0.20000000000000001,1,18810.200000000001
18.02,0,0,75,20370,0.20000000000000001,1,15394.799999999999
18.02,0,0,75,33030,0.20000000000000001,1,14546.4
18.02,0,0,75,47970,0.20000000000000001,1,16367.200000000001
18.02,0,0,75,63090,0.20000000000000001,1,12705.4
18.02,0,0,75,93090,0.20000000000000001,1,13091.6
18.260000000000002,0,0,76,8250,0.20000000000000001,1,18769.5
18.260000000000002,0,0,76,20370,0.20000000000000001,1,15368.4
18.260000000000002,0,0,76,33030,0.20000000000000001,1,14506.9
18.260000000000002,0,0,76,47970,0.20000000000000001,1,16348.6
18.260000000000002,0,0,76,63090,0.20000000000000001,1,12404.4
18.260000000000002,0,0,76,93090,0.20000000000000001,1,13084.799999999999
18.5,0,0,77,8250,0.20000000000000001,1,19001.400000000001
18.5,0,0,77,20370,0.20000000000000001,1,15518
18.5,0,0,77,33030,0.20000000000000001,1,14637.799999999999
18.5,0,0,77,47970,0.20000000000000001,1,16510.799999999999
18.5,0,0,77,63090,0.20000000000000001,1,12306.700000000001
18.5,0,0,77,93090,0.20000000000000001,1,13189.200000000001
18.75,0,0,78,8250,0.20000000000000001,1,19323.5
18.75,0,0,78,20370,0.20000000000000001,1,15812.9
18.75,0,0,78,33030,0.20000000000000001,1,14865.700000000001
18.75,0,0,78,47970,0.20000000000000001,1,16796.200000000001
18.75,0,0,78,63090,0.20000000000000001,1,12508.9
18.75,0,0,78,93090,0.20000000000000001,1,13306.6
18.989999999999998,0,0,79,8250,0.20000000000000001,1,19657.5
18.989999999999998,0,0,79,20370,0.20000000000000001,1,16110.1
18.989999999999998,0,0,79,33030,0.20000000000000001,1,15076.6
18.989999999999998,0,0,79,47970,0.20000000000000001,1,17096
18.989999999999998,0,0,79,63090,0.20000000000000001,1,13001.1
18.989999999999998,0,0,79,93090,0.20000000000000001,1,13399.200000000001
19.23,0,0,80,8250,0.20000000000000001,1,19920.400000000001
19.23,0,0,80,20370,0.20000000000000001,1,16352.4
19.23,0,0,80,33030,0.20000000000000001,1,15227.799999999999
19.23,0,0,80,47970,0.20000000000000001,1,17345.700000000001
19.23,0,0,80,63090,0.20000000000000001,1,13517.299999999999
19.23,0,0,80,93090,0.20000000000000001,1,13384.299999999999
19.48,0,0,81,8250,0.20000000000000001,1,19980.099999999999
19.48,0,0,81,20370,0.20000000000000001,1,16407.099999999999
19.48,0,0,81,33030,0.20000000000000001,1,15215.799999999999
19.48,0,0,81,47970,0.20000000000000001,1,17434.900000000001
19.48,0,0,81,63090,0.20000000000000001,1,13807
19.48,0,0,81,93090,0.20000000000000001,1,13296.200000000001
19.719999999999999,0,0,82,8250,0.20000000000000001,1,20018.299999999999
19.719999999999999,0,0,82,20370,0.20000000000000001,1,16417.200000000001
19.719999999999999,0,0,82,33030,0.20000000000000001,1,15244.4
19.719999999999999,0,0,82,47970,0.20000000000000001,1,17474.400000000001
19.719999999999999,0,0,82,63090,0.20000000000000001,1,13765.5
19.719999999999999,0,0,82,93090,0.20000000000000001,1,13237.6
19.969999999999999,0,0,83,8250,0.20000000000000001,1,20102.400000000001
19.969999999999999,0,0,83,20370,0.20000000000000001,1,16487.599999999999
19.969999999999999,0,0,83,33030,0.20000000000000001,1,15358.799999999999
19.969999999999999,0,0,83,47970,0.20000000000000001,1,17573.400000000001
19.969999999999999,0,0,83,63090,0.20000000000000001,1,13661.299999999999
19.969999999999999,0,0,83,93090,0.20000000000000001,1,13270.1
20.210000000000001,0,0,84,8250,0.20000000000000001,1,20344
20.210000000000001,0,0,84,20370,0.20000000000000001,1,16711.200000000001
20.210000000000001,0,0,84,33030,0.20000000000000001,1,15573.4
20.210000000000001,0,0,84,47970,0.20000000000000001,1,17757.299999999999
20.210000000000001,0,0,84,63090,0.20000000000000001,1,13649.200000000001
20.210000000000001,0,0,84,93090,0.20000000000000001,1,13504
20.449999999999999,0,0,85,8250,0.20000000000000001,1,20702.799999999999
20.449999999999999,0,0,85,20370,0.20000000000000001,1,16996.599999999999
20.449999999999999,0,0,85,33030,0.20000000000000001,1,15869.299999999999
20.449999999999999,0,0,85,47970,0.20000000000000001,1,18008
20.449999999999999,0,0,85,63090,0.20000000000000001,1,13962.299999999999
20.449999999999999,0,0,85,93090,0.20000000000000001,1,13739.9
20.699999999999999,0,0,86,8250,0.20000000000000001,1,21137.299999999999
20.699999999999999,0,0,86,20370,0.20000000000000001,1,17352.299999999999
20.699999999999999,0,0,86,33030,0.20000000000000001,1,16182.4
20.699999999999999,0,0,86,47970,0.20000000000000001,1,18313
20.699999999999999,0,0,86,63090,0.20000000000000001,1,14288
20.699999999999999,0,0,86,93090,0.20000000000000001,1,14033
20.940000000000001,0,0,87,8250,0.20000000000000001,1,21489.099999999999
20.940000000000001,0,0,87,20370,0.20000000000000001,1,17636
20.940000000000001,0,0,87,33030,0.20000000000000001,1,16448.400000000001
20.940000000000001,0,0,87,47970,0.20000000000000001,1,18519.5
20.940000000000001,0,0,87,63090,0.20000000000000001,1,14760.799999999999
20.940000000000001,0,0,87,93090,0.20000000000000001,1,14214
21.18,0,0,88,8250,0.20000000000000001,1,21738.900000000001
21.18,0,0,88,20370,0.20000000000000001,1,17802.700000000001
21.18,0,0,88,33030,0.20000000000000001,1,16644.599999999999
21.18,0,0,88,47970,0.20000000000000001,1,18657.700000000001
21.18,0,0,88,63090,0.20000000000000001,1,14967.799999999999
21.18,0,0,88,93090,0.20000000000000001,1,14270.9
21.43,0,0,89,8250,0.20000000000000001,1,21921
21.43,0,0,89,20370,0.20000000000000001,1,17951
21.43,0,0,89,33030,0.20000000000000001,1,16779.700000000001
21.43,0,0,89,47970,0.20000000000000001,1,18729.700000000001
21.43,0,0,89,63090,0.20000000000000001,1,15056.9
21.43,0,0,89,93090,0.20000000000000001,1,14397.5
21.670000000000002,0,0,90,8250,0.20000000000000001,1,22049.599999999999
21.670000000000002,0,0,90,20370,0.20000000000000001,1,18058.400000000001
21.670000000000002,0,0,90,33030,0.20000000000000001,1,16883.599999999999
21.670000000000002,0,0,90,47970,0.20000000000000001,1,18805.400000000001
21.670000000000002,0,0,90,63090,0.20000000000000001,1,15106.1
21.670000000000002,0,0,90,93090,0.20000000000000001,1,14434
21.91,0,0,91,8250,0.20000000000000001,1,22136.599999999999
21.91,0,0,91,20370,0.20000000000000001,1,18143.799999999999
21.91,0,0,91,33030,0.20000000000000001,1,16932.099999999999
21.91,0,0,91,47970,0.20000000000000001,1,18914.099999999999
21.91,0,0,91,63090,0.20000000000000001,1,14830.799999999999
21.91,0,0,91,93090,0.20000000000000001,1,14485.6
22.16,0,0,92,8250,0.20000000000000001,1,22168.299999999999
22.16,0,0,92,20370,0.20000000000000001,1,18221.099999999999
22.16,0,0,92,33030,0.20000000000000001,1,16940.5
22.16,0,0,92,47970,0.20000000000000001,1,19017.200000000001
22.16,0,0,92,63090,0.20000000000000001,1,14803.5
22.16,0,0,92,93090,0.20000000000000001,1,14512.200000000001
22.399999999999999,0,0,93,8250,0.20000000000000001,1,22152.099999999999
22.399999999999999,0,0,93,20370,0.20000000000000001,1,18221
22.399999999999999,0,0,93,33030,0.20000000000000001,1,16936.099999999999
22.399999999999999,0,0,93,47970,0.20000000000000001,1,19060.599999999999
22.399999999999999,0,0,93,63090,0.20000000000000001,1,14839.6
22.399999999999999,0,0,93,93090,0.20000000000000001,1,14435.9
22.640000000000001,0,0,94,8250,0.20000000000000001,1,22099.700000000001
22.640000000000001,0,0,94,20370,0.20000000000000001,1,18186.5
22.640000000000001,0,0,94,33030,0.20000000000000001,1,16879.400000000001
22.640000000000001,0,0,94,47970,0.20000000000000001,1,19007.099999999999
22.640000000000001,0,0,94,63090,0.20000000000000001,1,14834.9
22.640000000000001,0,0,94,93090,0.20000000000000001,1,14328.700000000001
22.890000000000001,0,0,95,8250,0.20000000000000001,1,22044.200000000001
22.890000000000001,0,0,95,20370,0.20000000000000001,1,18153.599999999999
22.890000000000001,0,0,95,33030,0.20000000000000001,1,16836.299999999999
22.890000000000001,0,0,95,47970,0.20000000000000001,1,18879.700000000001
22.890000000000001,0,0,95,63090,0.20000000000000001,1,14837.799999999999
22.890000000000001,0,0,95,93090,0.20000000000000001,1,14234.700000000001
23.129999999999999,0,0,96,8250,0.20000000000000001,1,22006
23.129999999999999,0,0,96,20370,0.20000000000000001,1,18129.700000000001
23.129999999999999,0,0,96,33030,0.20000000000000001,1,16793.5
23.129999999999999,0,0,96,47970,0.20000000000000001,1,18723.5
23.129999999999999,0,0,96,63090,0.20000000000000001,1,14770.299999999999
23.129999999999999,0,0,96,93090,0.20000000000000001,1,14151.299999999999
23.370000000000001,0,0,97,8250,0.20000000000000001,1,22017.200000000001
23.370000000000001,0,0,97,20370,0.20000000000000001,1,18144.900000000001
23.370000000000001,0,0,97,33030,0.20000000000000001,1,16795.200000000001
23.370000000000001,0,0,97,47970,0.20000000000000001,1,18612
23.370000000000001,0,0,97,63090,0.20000000000000001,1,14738.5
23.370000000000001,0,0,97,93090,0.20000000000000001,1,14215.299999999999
23.620000000000001,0,0,98,8250,0.20000000000000001,1,22090.900000000001
23.620000000000001,0,0,98,20370,0.20000000000000001,1,18188.5
23.620000000000001,0,0,98,33030,0.20000000000000001,1,16887.400000000001
23.620000000000001,0,0,98,47970,0.20000000000000001,1,18606
23.620000000000001,0,0,98,63090,0.20000000000000001,1,14683.1
23.620000000000001,0,0,98,93090,0.20000000000000001,1,14372.5
23.859999999999999,0,0,99,8250,0.20000000000000001,1,22174.299999999999
23.859999999999999,0,0,99,20370,0.20000000000000001,1,18231.400000000001
23.859999999999999,0,0,99,33030,0.20000000000000001,1,16990
23.859999999999999,0,0,99,47970,0.20000000000000001,1,18703.400000000001
23.859999999999999,0,0,99,63090,0.20000000000000001,1,14633.9
23.859999999999999,0,0,99,93090,0.20000000000000001,1,14494.200000000001
24.100000000000001,0,0,100,8250,0.20000000000000001,1,22246.900000000001
24.100000000000001,0,0,100,20370,0.20000000000000001,1,18270.299999999999
24.100000000000001,0,0,100,33030,0.20000000000000001,1,17070.700000000001
24.100000000000001,0,0,100,47970,0.20000000000000001,1,18823.5
24.100000000000001,0,0,100,63090,0.20000000000000001,1,14700.700000000001
24.100000000000001,0,0,100,93090,0.20000000000000001,1,14607.9
24.350000000000001,0,0,101,8250,0.20000000000000001,1,22278
24.350000000000001,0,0,101,20370,0.20000000000000001,1,18271.099999999999
24.350000000000001,0,0,101,33030,0.20000000000000001,1,17097.900000000001
24.350000000000001,0,0,101,47970,0.20000000000000001,1,18870.099999999999
24.350000000000001,0,0,101,63090,0.20000000000000001,1,14703.700000000001
24.350000000000001,0,0,101,93090,0.20000000000000001,1,14598.4
24.59,0,0,102,8250,0.20000000000000001,1,22253.799999999999
24.59,0,0,102,20370,0.20000000000000001,1,18247.599999999999
24.59,0,0,102,33030,0.20000000000000001,1,17066.299999999999
24.59,0,0,102,47970,0.20000000000000001,1,18854.799999999999
24.59,0,0,102,63090,0.20000000000000001,1,14645.6
24.59,0,0,102,93090,0.20000000000000001,1,14551.9
24.829999999999998,0,0,103,8250,0.20000000000000001,1,22198.5
24.829999999999998,0,0,103,20370,0.20000000000000001,1,18208.799999999999
24.829999999999998,0,0,103,33030,0.20000000000000001,1,17005.400000000001
24.829999999999998,0,0,103,47970,0.20000000000000001,1,18730.599999999999
24.829999999999998,0,0,103,63090,0.20000000000000001,1,14203.6
24.829999999999998,0,0,103,93090,0.20000000000000001,1,14489.200000000001
25.079999999999998,0,0,104,8250,0.20000000000000001,1,22133.400000000001
25.079999999999998,0,0,104,20370,0.20000000000000001,1,18161.099999999999
25.079999999999998,0,0,104,33030,0.20000000000000001,1,16946.5
25.079999999999998,0,0,104,47970,0.20000000000000001,1,18643
25.079999999999998,0,0,104,63090,0.20000000000000001,1,13588.799999999999
25.079999999999998,0,0,104,93090,0.20000000000000001,1,14423.1
25.32,0,0,105,8250,0.20000000000000001,1,22078.900000000001
25.32,0,0,105,20370,0.20000000000000001,1,18127.400000000001
25.32,0,0,105,33030,0.20000000000000001,1,16910.700000000001
25.32,0,0,105,47970,0.20000000000000001,1,18584.099999999999
25.32,0,0,105,63090,0.20000000000000001,1,13101.5
25.32,0,0,105,93090,0.20000000000000001,1,14374.799999999999
25.57,0,0,106,8250,0.20000000000000001,1,22060.099999999999
25.57,0,0,106,20370,0.20000000000000001,1,18105.700000000001
25.57,0,0,106,33030,0.20000000000000001,1,16922.200000000001
25.57,0,0,106,47970,0.20000000000000001,1,18573.200000000001
25.57,0,0,106,63090,0.20000000000000001,1,13062.9
25.57,0,0,106,93090,0.20000000000000001,1,14374.9
25.809999999999999,0,0,107,8250,0.20000000000000001,1,22088.799999999999
25.809999999999999,0,0,107,20370,0.20000000000000001,1,18174.5
25.809999999999999,0,0,107,33030,0.20000000000000001,1,16984.900000000001
25.809999999999999,0,0,107,47970,0.20000000000000001,1,18617.900000000001
25.809999999999999,0,0,107,63090,0.20000000000000001,1,13469.9
25.809999999999999,0,0,107,93090,0.20000000000000001,1,14395.5
26.050000000000001,0,0,108,8250,0.20000000000000001,1,22132.5
26.050000000000001,0,0,108,20370,0.20000000000000001,1,18304
26.050000000000001,0,0,108,33030,0.20000000000000001,1,17056.900000000001
26.050000000000001,0,0,108,47970,0.20000000000000001,1,18775.200000000001
26.050000000000001,0,0,108,63090,0.20000000000000001,1,14106.299999999999
26.050000000000001,0,0,108,93090,0.20000000000000001,1,14439.700000000001
26.300000000000001,0,0,109,8250,0.20000000000000001,1,22184.299999999999
26.300000000000001,0,0,109,20370,0.20000000000000001,1,18438.799999999999
26.300000000000001,0,0,109,33030,0.20000000000000001,1,17146.400000000001
26.300000000000001,0,0,109,47970,0.20000000000000001,1,18980.099999999999
26.300000000000001,0,0,109,63090,0.20000000000000001,1,14739.5
26.300000000000001,0,0,109,93090,0.20000000000000001,1,14461.1
26.539999999999999,0,0,110,8250,0.20000000000000001,1,22218.400000000001
26.539999999999999,0,0,110,20370,0.20000000000000001,1,18537.599999999999
26.539999999999999,0,0,110,33030,0.20000000000000001,1,17210.799999999999
26.539999999999999,0,0,110,47970,0.20000000000000001,1,19202.200000000001
26.539999999999999,0,0,110,63090,0.20000000000000001,1,14885.5
26.539999999999999,0,0,110,93090,0.20000000000000001,1,14481.799999999999
26.780000000000001,0,0,111,8250,0.20000000000000001,1,22231.599999999999
26.780000000000001,0,0,111,20370,0.20000000000000001,1,18472.200000000001
26.780000000000001,0,0,111,33030,0.20000000000000001,1,17228.900000000001
26.780000000000001,0,0,111,47970,0.20000000000000001,1,19367
26.780000000000001,0,0,111,63090,0.20000000000000001,1,14749
26.780000000000001,0,0,111,93090,0.20000000000000001,1,14484.6
27.030000000000001,0,0,112,8250,0.20000000000000001,1,22215.200000000001
27.030000000000001,0,0,112,20370,0.20000000000000001,1,18367
27.030000000000001,0,0,112,33030,0.20000000000000001,1,17230.900000000001
27.030000000000001,0,0,112,47970,0.20000000000000001,1,19429.299999999999
27.030000000000001,0,0,112,63090,0.20000000000000001,1,14290.5
27.030000000000001,0,0,112,93090,0.20000000000000001,1,14486.5
27.27,0,0,113,8250,0.20000000000000001,1,22177.200000000001
27.27,0,0,113,20370,0.20000000000000001,1,18254.299999999999
27.27,0,0,113,33030,0.20000000000000001,1,17194.299999999999
27.27,0,0,113,47970,0.20000000000000001,1,19412.400000000001
27.27,0,0,113,63090,0.20000000000000001,1,13818.700000000001
27.27,0,0,113,93090,0.20000000000000001,1,14513.299999999999
27.510000000000002,0,0,114,8250,0.20000000000000001,1,22124.099999999999
27.510000000000002,0,0,114,20370,0.20000000000000001,1,18182
27.510000000000002,0,0,114,33030,0.20000000000000001,1,17134.900000000001
27.510000000000002,0,0,114,47970,0.20000000000000001,1,19317
27.510000000000002,0,0,114,63090,0.20000000000000001,1,13581.700000000001
27.510000000000002,0,0,114,93090,0.20000000000000001,1,14531.799999999999
27.760000000000002,0,0,115,8250,0.20000000000000001,1,22078.400000000001
27.760000000000002,0,0,115,20370,0.20000000000000001,1,18163.299999999999
27.760000000000002,0,0,115,33030,0.20000000000000001,1,17073.200000000001
27.760000000000002,0,0,115,47970,0.20000000000000001,1,19185
27.760000000000002,0,0,115,63090,0.20000000000000001,1,13552.799999999999
27.760000000000002,0,0,115,93090,0.20000000000000001,1,14524.1
28,0,0,116,8250,0.20000000000000001,1,22063.200000000001
28,0,0,116,20370,0.20000000000000001,1,18158.599999999999
28,0,0,116,33030,0.20000000000000001,1,17017.5
28,0,0,116,47970,0.20000000000000001,1,19075.5
28,0,0,116,63090,0.20000000000000001,1,13683.299999999999
28,0,0,116,93090,0.20000000000000001,1,14509.4
